round 0
8 0.250004
8000 0.250004
round 1
101 0.031251
111 0.031251
808 0.031251
888 0.031251
1000 0.031251
1001 0.031251
1010 0.031251
1011 0.031251
1100 0.031251
1110 0.031251
8000 0.031251
8008 0.031251
8080 0.031251
8088 0.031251
8800 0.031251
8880 0.031251
round 2
8 0.00390643
88 0.00390643
808 0.00781286
888 0.00781286
8000 0.00390643
8008 0.00390643
8080 0.00781286
8088 0.00781286
8800 0.00390643
8880 0.00781286
8888 0.00390643
round 3
101 0.000488311
111 0.000488311
808 0.000488311
888 0.000488311
1000 0.000488311
1001 0.000488311
1010 0.000488311
1011 0.000488311
1100 0.000488311
1110 0.000488311
8000 0.000488311
8008 0.000488311
8080 0.000488311
8088 0.000488311
8800 0.000488311
8880 0.000488311
round 4
8 6.10398e-05
88 6.10398e-05
808 0.00012208
888 0.00012208
8000 6.10398e-05
8008 6.10398e-05
8080 0.00012208
8088 0.00012208
8800 6.10398e-05
8880 0.00012208
8888 6.10398e-05
